14
2
1.96667
0.0285715
-1.96667
0
0
0
0.400001
0.400001
0.400001
2
-2.53333
0.0571429
-2.53333
-3
30
0
0.941667
0.658334
0.575
1
-1.1
0
-2.8
0
120
0
0.5875
0.5875
0.5875
1
2.93333
3.72529e-09
-1.73333
1
78
0
0.6
0.6
0.6
4
-3.5
0
-3.5
0
0
0
0.75
0.75
0.75
4
3.4
0
-3.2
0
0
0
0.925
0.925
0.925
3
-3.5
0
3.5
0
-115.5
0
0.475001
0.475001
0.591667
3
-2.93333
0
3.46666
0
-114
0
0.5
0.5
0.5
3
-2.1
0
3
0
-72.5
0
0.55
0.55
0.55
3
-3.33333
0
2
2.5
152.5
0
0.5
0.5
0.5
3
-1.46667
0
2.56667
0
-107.25
0
0.450001
0.450001
0.541667
5
3.20007
0
3.20007
0
0
0
1
1
1
5
1.7334
0
3.20007
0
0
0
1
1
1
5
2.60007
0
2.00007
0
0
0
1
1
1
